auto save
263
256 16 1
32 32 4
48 32 4
64 32 4
80 32 4
96 32 4
112 32 4
128 32 1
32 48 4
48 48 4
64 48 4
80 48 4
96 48 4
112 48 4
128 48 1
320 48 2
336 48 2
352 48 2
368 48 2
384 48 2
400 48 2
0 64 1
16 64 1
32 64 4
48 64 4
64 64 4
80 64 4
96 64 4
112 64 4
16 80 1
32 80 4
48 80 4
64 80 4
80 80 4
96 80 4
112 80 4
0 96 4
16 96 4
32 96 4
48 96 4
64 96 4
80 96 4
96 96 4
112 96 4
224 96 1
240 96 1
288 96 1
304 96 1
320 96 1
336 96 1
352 96 1
368 96 1
384 96 1
0 112 4
16 112 4
32 112 4
48 112 4
64 112 4
80 112 4
96 112 4
112 112 4
224 112 1
240 112 1
288 112 1
304 112 1
320 112 1
336 112 1
352 112 1
368 112 1
384 112 1
0 128 4
16 128 4
32 128 4
48 128 4
64 128 4
80 128 4
96 128 4
112 128 4
128 128 1
176 128 1
192 128 1
208 128 1
224 128 1
240 128 1
288 128 1
304 128 1
368 128 1
0 144 4
16 144 4
32 144 4
48 144 4
64 144 4
80 144 4
96 144 4
112 144 4
128 144 1
176 144 1
192 144 1
208 144 1
288 144 1
304 144 1
368 144 1
0 160 4
16 160 4
32 160 4
48 160 4
64 160 4
80 160 4
96 160 4
112 160 4
192 160 1
208 160 1
368 160 1
0 176 4
16 176 4
32 176 4
48 176 4
64 176 4
80 176 4
96 176 4
112 176 4
192 176 1
208 176 1
368 176 1
32 192 4
48 192 4
192 192 2
208 192 2
224 192 2
240 192 2
256 192 2
272 192 2
352 192 4
368 192 4
32 208 4
48 208 4
192 208 2
208 208 2
224 208 2
240 208 2
256 208 2
272 208 2
352 208 4
368 208 4
288 224 4
304 224 4
320 224 4
336 224 4
352 224 4
368 224 4
384 224 4
400 224 4
32 240 1
48 240 1
96 240 1
112 240 1
288 240 4
304 240 4
320 240 4
336 240 4
352 240 4
368 240 4
384 240 4
400 240 4
16 256 1
32 256 1
288 256 4
304 256 4
320 256 4
336 256 4
352 256 4
368 256 4
384 256 4
400 256 4
288 272 4
304 272 4
320 272 4
336 272 4
352 272 4
368 272 4
384 272 4
400 272 4
288 288 4
304 288 4
320 288 4
336 288 4
352 288 4
368 288 4
384 288 4
400 288 4
176 304 1
240 304 1
256 304 1
272 304 1
288 304 4
304 304 4
320 304 4
336 304 4
352 304 4
368 304 4
384 304 4
400 304 4
0 320 1
16 320 1
96 320 2
288 320 4
304 320 4
320 320 4
336 320 4
352 320 4
368 320 4
0 336 1
16 336 1
96 336 2
288 336 4
304 336 4
320 336 4
336 336 4
352 336 4
368 336 4
0 352 1
16 352 1
32 352 1
48 352 1
96 352 2
288 352 4
304 352 4
320 352 4
336 352 4
352 352 4
368 352 4
0 368 1
16 368 1
32 368 1
48 368 1
96 368 2
176 368 1
192 368 1
208 368 1
224 368 1
288 368 4
304 368 4
320 368 4
336 368 4
352 368 4
368 368 4
0 384 2
16 384 2
32 384 1
48 384 1
80 384 1
176 384 1
224 384 1
288 384 1
304 384 1
0 400 2
16 400 2
32 400 1
48 400 1
64 400 1
80 400 1
176 400 1
224 400 1
